<?xml version="1.0" encoding="UTF-8" standalone="no"?>
<svg xmlns:dc="http://purl.org/dc/elements/1.1/" xmlns:cc="http://creativecommons.org/ns#" xmlns:rdf="http://www.w3.org/1999/02/22-rdf-syntax-ns#" xmlns:svg="http://www.w3.org/2000/svg" xmlns="http://www.w3.org/2000/svg" version="1.1" viewBox="0 0 72 48" id="svg1659" width="72" height="48">
  <metadata id="metadata3116">
    <rdf:RDF>
      <cc:Work rdf:about="">
        <dc:format>image/svg+xml</dc:format>
        <dc:type rdf:resource="http://purl.org/dc/dcmitype/StillImage" />
        <dc:title>W3C</dc:title>
      </cc:Work>
    </rdf:RDF>
  </metadata>
  <defs id="defs3114" />
  <rect fill-rule="evenodd" width="72" fill="#ffffff" clip-rule="evenodd" height="48" id="rect1639" x="0" y="0" style="image-rendering:optimizeQuality;shape-rendering:geometricPrecision;text-rendering:geometricPrecision" />
  <path fill="#005a9c" d="m 2.032453,8.005453 9.53125,32.169922 h 0.396485 l 5.957031,-19.935547 5.958984,19.935547 h 0.396485 l 7.142578,-24.105469 c 1.364136,-4.603602 0.687308,-4.09375 4.757812,-4.09375 H 39.5305 l -6.636719,11.519532 h 2.664063 c 1.721607,0 3.534281,0.621234 4.488281,1.865234 0.133648,0.172602 0.253747,0.360478 0.365234,0.55664 0.02583,0.04519 0.04955,0.09224 0.07422,0.138672 0.104919,0.198597 0.202906,0.404193 0.28711,0.625 0.334699,0.878194 0.503906,1.933265 0.503906,3.167969 0,1.748 -0.384344,3.243281 -1.152344,4.488281 -0.208483,0.337699 -0.430231,0.625068 -0.664062,0.871094 -0.149564,0.157361 -0.305105,0.293883 -0.464844,0.414063 -0.01343,0.01005 -0.02751,0.01951 -0.04102,0.0293 -0.16287,0.11871 -0.328479,0.220536 -0.501953,0.300781 -0.158112,0.07314 -0.323214,0.125 -0.490234,0.166015 -0.04266,0.01039 -0.08568,0.01904 -0.128907,0.02734 -0.171803,0.03328 -0.346243,0.05664 -0.527343,0.05664 -0.0081,0 -0.01537,-0.0019 -0.02344,-0.002 -0.0081,-4.1e-5 -0.01539,-0.0019 -0.02344,-0.002 -0.0041,-3.9e-5 -0.0078,-0.0015 -0.01172,-0.002 -0.0094,-1.18e-4 -0.01799,-0.0018 -0.02734,-0.002 -0.238184,-0.0043 -0.471291,-0.0224 -0.695312,-0.0625 -0.0013,-2.26e-4 -0.0027,2.27e-4 -0.0039,0 -0.06129,-0.01103 -0.117505,-0.03511 -0.177734,-0.04883 -0.01254,-0.0028 -0.02493,-0.0059 -0.03711,-0.0098 -0.01528,-0.0037 -0.02971,-0.0098 -0.04492,-0.01367 -0.152838,-0.03546 -0.306311,-0.06965 -0.451172,-0.125 -0.228292,-0.08723 -0.447099,-0.195603 -0.658203,-0.326172 C 34.94049,35.478399 34.737935,35.326101 34.544172,35.151938 34.12993,34.701856 33.817992,34.190231 33.487531,33.691 h -4.054687 c 0.274888,0.816985 0.616402,1.555996 1.009765,2.234375 l -0.01172,0.02148 c 0.04254,0.07684 0.09949,0.148778 0.146484,0.22461 0.280031,0.454876 0.581602,0.886262 0.917969,1.27539 0.299571,0.346562 0.620593,0.666438 0.964844,0.960938 0.171266,0.146622 0.346692,0.28372 0.52539,0.412109 0,0 0.002,0.002 0.002,0.002 0.177989,0.127783 0.35957,0.245774 0.544922,0.355469 0.115046,0.06809 0.233683,0.126384 0.351563,0.1875 0.01577,0.0082 0.03106,0.01734 0.04687,0.02539 0.05701,0.03134 0.113495,0.06405 0.171875,0.0918 0.0018,8.68e-4 0.004,0.0011 0.0059,0.002 0.191896,0.09099 0.386651,0.17313 0.585937,0.246093 0.0027,10e-4 0.0051,0.0029 0.0078,0.0039 0,0 0.002,0 0.002,0 0.19779,0.07217 0.398564,0.134947 0.603516,0.189453 0.004,0.0011 0.0077,0.0029 0.01172,0.0039 0,0 0.002,0 0.002,0 0.20397,0.05382 0.412003,0.09842 0.623046,0.134766 0.0051,8.82e-4 0.01049,0.0011 0.01563,0.002 0.188465,0.03187 0.380106,0.05416 0.574218,0.07227 0.0046,4.32e-4 0.009,0.0015 0.01367,0.002 0.0071,0.0014 0.01417,0.0032 0.02148,0.0039 0.01093,0.0019 0.02197,0.0029 0.0332,0.0039 0,0 0.002,0 0.002,0 0.0053,4.46e-4 0.01031,0.0015 0.01563,0.002 0,0 0.002,0 0.002,0 0.116936,0.0096 0.238074,0.0091 0.357422,0.01367 0.02479,9.55e-4 0.04934,0.0032 0.07422,0.0039 0.0156,8.44e-4 0.03113,0.0016 0.04687,0.002 0.06026,0.0036 0.120272,0.0077 0.181641,0.0078 0.0079,2.2e-5 0.0155,0 0.02344,0 0.178244,0 0.34802,-0.01694 0.521484,-0.02734 v -0.0098 c 0.186606,-0.01341 0.378263,-0.0155 0.560547,-0.03906 0.02559,-0.0035 0.05069,-0.0079 0.07617,-0.01172 0.342257,-0.04769 0.6738,-0.119812 0.996094,-0.210937 1.50249,-0.424817 2.793149,-1.310157 3.861328,-2.679688 1.549,-1.986 2.324218,-4.434656 2.324218,-7.347656 0,-2.356 -0.530843,-4.407297 -1.589843,-6.154297 -0.804245,-1.326738 -1.898881,-2.339405 -3.283203,-3.041015 -0.04289,-0.02175 -0.08941,-0.03939 -0.132813,-0.06055 -0.178828,-0.087 -0.358606,-0.17317 -0.546875,-0.25 -0.233487,-0.09575 -0.473854,-0.183791 -0.722656,-0.263672 2.324763,-4.025522 4.690291,-8.027757 6.978515,-12.074219 H 33.805891 c -3.624299,0 -4.352809,0.6176449 -5.611329,4.896485 L 23.876203,27.585531 18.116438,8.005453 h -4.167969 l 0.953125,3.199219 c 0.794004,2.664306 0.723496,3.97222 -0.02148,6.49414 L 11.960188,27.585531 6.2023749,8.005453 Z" id="path1599" />
  <path id="path6" d="m 66.92,8.0059999 c -0.819,0 -1.554,0.295 -2.111,0.861 -0.591,0.6 -0.92,1.3760001 -0.92,2.1780001 0,0.802 0.313,1.545 0.887,2.128 0.583,0.591 1.334,0.912 2.145,0.912 0.793,0 1.562,-0.321 2.161,-0.903 0.574,-0.557 0.886,-1.301 0.886,-2.137 0,-0.811 -0.321,-1.5700001 -0.878,-2.1360001 -0.583,-0.591 -1.343,-0.903 -2.17,-0.903 z M 69.563,11.071 c 0,0.701 -0.271,1.351 -0.769,1.832 -0.523,0.507 -1.173,0.777 -1.891,0.777 -0.675,0 -1.342,-0.278 -1.84,-0.785 -0.498,-0.506 -0.777,-1.157 -0.777,-1.849 0,-0.692 0.287,-1.3680001 0.802,-1.8910001 0.481,-0.49 1.131,-0.751 1.84,-0.751 0.726,0 1.376,0.271 1.883,0.785 0.49,0.489 0.752,1.1480001 0.752,1.8820001 z M 67.005,9.2639999 h -1.3 V 12.709 h 0.65 V 11.24 h 0.642 l 0.701,1.469 h 0.726 l -0.769,-1.571 c 0.498,-0.101 0.785,-0.439 0.785,-0.928 0,-0.6250001 -0.473,-0.9460001 -1.435,-0.9460001 z m -0.119,0.422 c 0.608,0 0.886,0.169 0.886,0.5910001 0,0.405 -0.278,0.549 -0.87,0.549 H 66.353 V 9.6859999 Z" />
  <path id="path8" d="m 61.807,7.8249999 0.338,2.0535 C 62.460497,11.795283 62.1396,12.589153 61.2875,14.2195 L 60.092,16.507 c 0,0 -0.918,-1.941 -2.443,-3.015 -1.285,-0.905 -2.122,-1.102 -3.431,-0.832 -1.681,0.347 -3.587,2.357 -4.419,4.835 -0.995,2.965 -1.005,4.4 -1.04,5.718 -0.056,2.113 0.277,3.362 0.277,3.362 0,0 -1.451,-2.686 -1.438,-6.62 0.009,-2.808 0.451,-5.354 1.75,-7.867 1.143,-2.2090001 2.842,-3.5350001 4.35,-3.6910001 1.559,-0.161 2.791,0.59 3.743,1.404 C 58.44,10.655 59.451,12.521 59.451,12.521 Z" />
  <path id="path10" d="m 62.102,31.063 c 0,0 -1.057,1.889 -1.715,2.617 -0.659,0.728 -1.837,2.01 -3.292,2.651 -1.456,0.641 -2.218,0.762 -3.656,0.624 -1.437,-0.138 -2.773,-0.97 -3.241,-1.317 -0.468,-0.347 -1.664,-1.369 -2.339,-2.322 -0.676,-0.954 -1.733,-2.859 -1.733,-2.859 0,0 0.589,1.911 0.958,2.721 0.212,0.466 0.864,1.894 1.79,3.136 0.862,1.159 2.539,3.154 5.086,3.604 2.547,0.451 4.297,-0.693 4.73,-0.971 0.433,-0.277 1.432309,-0.93042 2.010243,-1.548482 0.603066,-0.644938 0.923083,-1.107393 1.325111,-1.920775 0.292057,-0.590889 0.544763,-1.977304 0.381146,-2.829243 z" />
</svg>
